{"cells":[{"source":"<a href=\"https://www.kaggle.com/code/secretiveplotter1863/eda-aapl-next-day-close-prediction-model?scriptVersionId=336955491\" target=\"_blank\"><img align=\"left\" alt=\"Kaggle\" title=\"Open in Kaggle\" src=\"https://kaggle.com/static/images/open-in-kaggle.svg\"></a>","metadata":{},"cell_type":"markdown"},{"cell_type":"code","execution_count":1,"id":"1c894a30","metadata":{"_cell_guid":"b1076dfc-b9ad-4769-8c92-a6c4dae69d19","_uuid":"8f2839f25d086af736a60e9eeb907d3b93b6e0e5","execution":{"iopub.execute_input":"2026-07-21T14:54:39.505776Z","iopub.status.busy":"2026-07-21T14:54:39.50548Z","iopub.status.idle":"2026-07-21T14:54:40.99472Z","shell.execute_reply":"2026-07-21T14:54:40.993835Z"},"papermill":{"duration":1.494667,"end_time":"2026-07-21T14:54:40.996518+00:00","exception":false,"start_time":"2026-07-21T14:54:39.501851+00:00","status":"completed"},"tags":[]},"outputs":[{"name":"stdout","output_type":"stream","text":["/kaggle/input/datasets/tarunpaparaju/apple-aapl-historical-stock-data/HistoricalQuotes.csv\n"]}],"source":["import numpy as np # linear algebra\n","import pandas as pd # data processing, CSV file I/O (e.g. pd.read_csv)\n","\n","import os\n","for dirname, _, filenames in os.walk('/kaggle/input'):\n","    for filename in filenames:\n","        print(os.path.join(dirname, filename))\n","\n","import kagglehub"]},{"cell_type":"markdown","id":"e765bdf0","metadata":{"papermill":{"duration":0.001215,"end_time":"2026-07-21T14:54:40.999351+00:00","exception":false,"start_time":"2026-07-21T14:54:40.998136+00:00","status":"completed"},"tags":[]},"source":["Develop and evaluate a single-ticker next-day close prediction model for AAPL using only past price/volume data, with time-based validation and visual analysis of prediction errors."]},{"cell_type":"code","execution_count":2,"id":"d1ef19fa","metadata":{"execution":{"iopub.execute_input":"2026-07-21T14:54:41.004004Z","iopub.status.busy":"2026-07-21T14:54:41.003032Z","iopub.status.idle":"2026-07-21T14:54:41.052025Z","shell.execute_reply":"2026-07-21T14:54:41.051232Z"},"papermill":{"duration":0.053376,"end_time":"2026-07-21T14:54:41.053941+00:00","exception":false,"start_time":"2026-07-21T14:54:41.000565+00:00","status":"completed"},"tags":[]},"outputs":[{"data":{"text/html":["<div>\n","<style scoped>\n","    .dataframe tbody tr th:only-of-type {\n","        vertical-align: middle;\n","    }\n","\n","    .dataframe tbody tr th {\n","        vertical-align: top;\n","    }\n","\n","    .dataframe thead th {\n","        text-align: right;\n","    }\n","</style>\n","<table border=\"1\" class=\"dataframe\">\n","  <thead>\n","    <tr style=\"text-align: right;\">\n","      <th></th>\n","      <th>Date</th>\n","      <th>Close/Last</th>\n","      <th>Volume</th>\n","      <th>Open</th>\n","      <th>High</th>\n","      <th>Low</th>\n","    </tr>\n","  </thead>\n","  <tbody>\n","    <tr>\n","      <th>0</th>\n","      <td>02/28/2020</td>\n","      <td>$273.36</td>\n","      <td>106721200</td>\n","      <td>$257.26</td>\n","      <td>$278.41</td>\n","      <td>$256.37</td>\n","    </tr>\n","    <tr>\n","      <th>1</th>\n","      <td>02/27/2020</td>\n","      <td>$273.52</td>\n","      <td>80151380</td>\n","      <td>$281.1</td>\n","      <td>$286</td>\n","      <td>$272.96</td>\n","    </tr>\n","    <tr>\n","      <th>2</th>\n","      <td>02/26/2020</td>\n","      <td>$292.65</td>\n","      <td>49678430</td>\n","      <td>$286.53</td>\n","      <td>$297.88</td>\n","      <td>$286.5</td>\n","    </tr>\n","    <tr>\n","      <th>3</th>\n","      <td>02/25/2020</td>\n","      <td>$288.08</td>\n","      <td>57668360</td>\n","      <td>$300.95</td>\n","      <td>$302.53</td>\n","      <td>$286.13</td>\n","    </tr>\n","    <tr>\n","      <th>4</th>\n","      <td>02/24/2020</td>\n","      <td>$298.18</td>\n","      <td>55548830</td>\n","      <td>$297.26</td>\n","      <td>$304.18</td>\n","      <td>$289.23</td>\n","    </tr>\n","    <tr>\n","      <th>...</th>\n","      <td>...</td>\n","      <td>...</td>\n","      <td>...</td>\n","      <td>...</td>\n","      <td>...</td>\n","      <td>...</td>\n","    </tr>\n","    <tr>\n","      <th>2513</th>\n","      <td>03/05/2010</td>\n","      <td>$31.2786</td>\n","      <td>224647427</td>\n","      <td>$30.7057</td>\n","      <td>$31.3857</td>\n","      <td>$30.6614</td>\n","    </tr>\n","    <tr>\n","      <th>2514</th>\n","      <td>03/04/2010</td>\n","      <td>$30.1014</td>\n","      <td>89591907</td>\n","      <td>$29.8971</td>\n","      <td>$30.1314</td>\n","      <td>$29.8043</td>\n","    </tr>\n","    <tr>\n","      <th>2515</th>\n","      <td>03/03/2010</td>\n","      <td>$29.9043</td>\n","      <td>92846488</td>\n","      <td>$29.8486</td>\n","      <td>$29.9814</td>\n","      <td>$29.7057</td>\n","    </tr>\n","    <tr>\n","      <th>2516</th>\n","      <td>03/02/2010</td>\n","      <td>$29.8357</td>\n","      <td>141486282</td>\n","      <td>$29.99</td>\n","      <td>$30.1186</td>\n","      <td>$29.6771</td>\n","    </tr>\n","    <tr>\n","      <th>2517</th>\n","      <td>03/01/2010</td>\n","      <td>$29.8557</td>\n","      <td>137312041</td>\n","      <td>$29.3928</td>\n","      <td>$29.9286</td>\n","      <td>$29.35</td>\n","    </tr>\n","  </tbody>\n","</table>\n","<p>2518 rows × 6 columns</p>\n","</div>"],"text/plain":["            Date  Close/Last     Volume       Open       High        Low\n","0     02/28/2020     $273.36  106721200    $257.26    $278.41    $256.37\n","1     02/27/2020     $273.52   80151380     $281.1       $286    $272.96\n","2     02/26/2020     $292.65   49678430    $286.53    $297.88     $286.5\n","3     02/25/2020     $288.08   57668360    $300.95    $302.53    $286.13\n","4     02/24/2020     $298.18   55548830    $297.26    $304.18    $289.23\n","...          ...         ...        ...        ...        ...        ...\n","2513  03/05/2010    $31.2786  224647427   $30.7057   $31.3857   $30.6614\n","2514  03/04/2010    $30.1014   89591907   $29.8971   $30.1314   $29.8043\n","2515  03/03/2010    $29.9043   92846488   $29.8486   $29.9814   $29.7057\n","2516  03/02/2010    $29.8357  141486282     $29.99   $30.1186   $29.6771\n","2517  03/01/2010    $29.8557  137312041   $29.3928   $29.9286     $29.35\n","\n","[2518 rows x 6 columns]"]},"execution_count":2,"metadata":{},"output_type":"execute_result"}],"source":["stock=pd.read_csv('/kaggle/input/datasets/tarunpaparaju/apple-aapl-historical-stock-data/HistoricalQuotes.csv')\n","stock"]},{"cell_type":"code","execution_count":3,"id":"71a5e974","metadata":{"execution":{"iopub.execute_input":"2026-07-21T14:54:41.058653Z","iopub.status.busy":"2026-07-21T14:54:41.058382Z","iopub.status.idle":"2026-07-21T14:54:41.062912Z","shell.execute_reply":"2026-07-21T14:54:41.062116Z"},"papermill":{"duration":0.008612,"end_time":"2026-07-21T14:54:41.064431+00:00","exception":false,"start_time":"2026-07-21T14:54:41.055819+00:00","status":"completed"},"tags":[]},"outputs":[{"name":"stdout","output_type":"stream","text":["Date           object\n"," Close/Last    object\n"," Volume         int64\n"," Open          object\n"," High          object\n"," Low           object\n","dtype: object\n"]}],"source":["print(stock.dtypes)"]},{"cell_type":"code","execution_count":4,"id":"67c35ad6","metadata":{"execution":{"iopub.execute_input":"2026-07-21T14:54:41.069207Z","iopub.status.busy":"2026-07-21T14:54:41.068914Z","iopub.status.idle":"2026-07-21T14:54:41.088242Z","shell.execute_reply":"2026-07-21T14:54:41.087481Z"},"papermill":{"duration":0.023419,"end_time":"2026-07-21T14:54:41.089607+00:00","exception":false,"start_time":"2026-07-21T14:54:41.066188+00:00","status":"completed"},"tags":[]},"outputs":[{"data":{"text/html":["<div>\n","<style scoped>\n","    .dataframe tbody tr th:only-of-type {\n","        vertical-align: middle;\n","    }\n","\n","    .dataframe tbody tr th {\n","        vertical-align: top;\n","    }\n","\n","    .dataframe thead th {\n","        text-align: right;\n","    }\n","</style>\n","<table border=\"1\" class=\"dataframe\">\n","  <thead>\n","    <tr style=\"text-align: right;\">\n","      <th></th>\n","      <th>Date</th>\n","      <th>Close/Last</th>\n","      <th>Volume</th>\n","      <th>Open</th>\n","      <th>High</th>\n","      <th>Low</th>\n","    </tr>\n","  </thead>\n","  <tbody>\n","    <tr>\n","      <th>2517</th>\n","      <td>2010-03-01</td>\n","      <td>$29.8557</td>\n","      <td>137312041</td>\n","      <td>$29.3928</td>\n","      <td>$29.9286</td>\n","      <td>$29.35</td>\n","    </tr>\n","    <tr>\n","      <th>2516</th>\n","      <td>2010-03-02</td>\n","      <td>$29.8357</td>\n","      <td>141486282</td>\n","      <td>$29.99</td>\n","      <td>$30.1186</td>\n","      <td>$29.6771</td>\n","    </tr>\n","    <tr>\n","      <th>2515</th>\n","      <td>2010-03-03</td>\n","      <td>$29.9043</td>\n","      <td>92846488</td>\n","      <td>$29.8486</td>\n","      <td>$29.9814</td>\n","      <td>$29.7057</td>\n","    </tr>\n","    <tr>\n","      <th>2514</th>\n","      <td>2010-03-04</td>\n","      <td>$30.1014</td>\n","      <td>89591907</td>\n","      <td>$29.8971</td>\n","      <td>$30.1314</td>\n","      <td>$29.8043</td>\n","    </tr>\n","    <tr>\n","      <th>2513</th>\n","      <td>2010-03-05</td>\n","      <td>$31.2786</td>\n","      <td>224647427</td>\n","      <td>$30.7057</td>\n","      <td>$31.3857</td>\n","      <td>$30.6614</td>\n","    </tr>\n","    <tr>\n","      <th>...</th>\n","      <td>...</td>\n","      <td>...</td>\n","      <td>...</td>\n","      <td>...</td>\n","      <td>...</td>\n","      <td>...</td>\n","    </tr>\n","    <tr>\n","      <th>4</th>\n","      <td>2020-02-24</td>\n","      <td>$298.18</td>\n","      <td>55548830</td>\n","      <td>$297.26</td>\n","      <td>$304.18</td>\n","      <td>$289.23</td>\n","    </tr>\n","    <tr>\n","      <th>3</th>\n","      <td>2020-02-25</td>\n","      <td>$288.08</td>\n","      <td>57668360</td>\n","      <td>$300.95</td>\n","      <td>$302.53</td>\n","      <td>$286.13</td>\n","    </tr>\n","    <tr>\n","      <th>2</th>\n","      <td>2020-02-26</td>\n","      <td>$292.65</td>\n","      <td>49678430</td>\n","      <td>$286.53</td>\n","      <td>$297.88</td>\n","      <td>$286.5</td>\n","    </tr>\n","    <tr>\n","      <th>1</th>\n","      <td>2020-02-27</td>\n","      <td>$273.52</td>\n","      <td>80151380</td>\n","      <td>$281.1</td>\n","      <td>$286</td>\n","      <td>$272.96</td>\n","    </tr>\n","    <tr>\n","      <th>0</th>\n","      <td>2020-02-28</td>\n","      <td>$273.36</td>\n","      <td>106721200</td>\n","      <td>$257.26</td>\n","      <td>$278.41</td>\n","      <td>$256.37</td>\n","    </tr>\n","  </tbody>\n","</table>\n","<p>2518 rows × 6 columns</p>\n","</div>"],"text/plain":["           Date  Close/Last     Volume       Open       High        Low\n","2517 2010-03-01    $29.8557  137312041   $29.3928   $29.9286     $29.35\n","2516 2010-03-02    $29.8357  141486282     $29.99   $30.1186   $29.6771\n","2515 2010-03-03    $29.9043   92846488   $29.8486   $29.9814   $29.7057\n","2514 2010-03-04    $30.1014   89591907   $29.8971   $30.1314   $29.8043\n","2513 2010-03-05    $31.2786  224647427   $30.7057   $31.3857   $30.6614\n","...         ...         ...        ...        ...        ...        ...\n","4    2020-02-24     $298.18   55548830    $297.26    $304.18    $289.23\n","3    2020-02-25     $288.08   57668360    $300.95    $302.53    $286.13\n","2    2020-02-26     $292.65   49678430    $286.53    $297.88     $286.5\n","1    2020-02-27     $273.52   80151380     $281.1       $286    $272.96\n","0    2020-02-28     $273.36  106721200    $257.26    $278.41    $256.37\n","\n","[2518 rows x 6 columns]"]},"execution_count":4,"metadata":{},"output_type":"execute_result"}],"source":["stock['Date']=pd.to_datetime(stock[\"Date\"], format=\"%m/%d/%Y\")\n","df_sorted =stock.sort_values(by=\"Date\", ascending=True)\n","df_sorted"]},{"cell_type":"code","execution_count":5,"id":"58d46165","metadata":{"execution":{"iopub.execute_input":"2026-07-21T14:54:41.094242Z","iopub.status.busy":"2026-07-21T14:54:41.094018Z","iopub.status.idle":"2026-07-21T14:54:41.098722Z","shell.execute_reply":"2026-07-21T14:54:41.09814Z"},"papermill":{"duration":0.008872,"end_time":"2026-07-21T14:54:41.100294+00:00","exception":false,"start_time":"2026-07-21T14:54:41.091422+00:00","status":"completed"},"tags":[]},"outputs":[],"source":["stock.columns = stock.columns.str.strip()"]},{"cell_type":"code","execution_count":6,"id":"0580fb87","metadata":{"execution":{"iopub.execute_input":"2026-07-21T14:54:41.105278Z","iopub.status.busy":"2026-07-21T14:54:41.105017Z","iopub.status.idle":"2026-07-21T14:54:41.110027Z","shell.execute_reply":"2026-07-21T14:54:41.109383Z"},"papermill":{"duration":0.009082,"end_time":"2026-07-21T14:54:41.111266+00:00","exception":false,"start_time":"2026-07-21T14:54:41.102184+00:00","status":"completed"},"tags":[]},"outputs":[{"data":{"text/plain":["dtype('O')"]},"execution_count":6,"metadata":{},"output_type":"execute_result"}],"source":["stock['High'].dtypes"]}],"metadata":{"kaggle":{"accelerator":"none","dataSources":[],"dockerImageVersionId":28755,"isGpuEnabled":false,"isInternetEnabled":false,"language":"python","sourceType":"notebook"},"kernelspec":{"display_name":"Python 3","language":"python","name":"python3"},"language_info":{"codemirror_mode":{"name":"ipython","version":3},"file_extension":".py","mimetype":"text/x-python","name":"python","nbconvert_exporter":"python","pygments_lexer":"ipython3","version":"3.12.13"},"papermill":{"default_parameters":{},"duration":4.319376,"end_time":"2026-07-21T14:54:41.631224+00:00","environment_variables":{},"exception":null,"input_path":"__notebook__.ipynb","output_path":"__notebook__.ipynb","parameters":{},"start_time":"2026-07-21T14:54:37.311848+00:00","version":"2.7.0"}},"nbformat":4,"nbformat_minor":5}